+-------------------------------------------------------------------------------------------------------------------------------------------------------------------------------------------------------------------------------------------------------+
; Legal Partition Candidates                                                                                                                                                                                                                            ;
+--------------------------------------------------+-------+----------------+--------------+----------------+--------+-----------------+---------------+-----------------+-------+----------------+--------------+------------------+-------------------+
; Hierarchy                                        ; Input ; Constant Input ; Unused Input ; Floating Input ; Output ; Constant Output ; Unused Output ; Floating Output ; Bidir ; Constant Bidir ; Unused Bidir ; Input only Bidir ; Output only Bidir ;
+--------------------------------------------------+-------+----------------+--------------+----------------+--------+-----------------+---------------+-----------------+-------+----------------+--------------+------------------+-------------------+
; Mem|MEM_plus_Three|sram|ram_block|auto_generated ; 19    ; 0              ; 0            ; 0              ; 8      ; 0               ; 0             ; 0               ; 0     ; 0              ; 0            ; 0                ; 0                 ;
; Mem|MEM_plus_Two|sram|ram_block|auto_generated   ; 19    ; 0              ; 0            ; 0              ; 8      ; 0               ; 0             ; 0               ; 0     ; 0              ; 0            ; 0                ; 0                 ;
; Mem|MEM_plus_One|sram|ram_block|auto_generated   ; 19    ; 0              ; 0            ; 0              ; 8      ; 0               ; 0             ; 0               ; 0     ; 0              ; 0            ; 0                ; 0                 ;
; Mem|MEM|sram|ram_block|auto_generated            ; 19    ; 0              ; 0            ; 0              ; 8      ; 0               ; 0             ; 0               ; 0     ; 0              ; 0            ; 0                ; 0                 ;
; Mem                                              ; 33    ; 1              ; 24           ; 1              ; 0      ; 1               ; 1             ; 1               ; 0     ; 0              ; 0            ; 0                ; 0                 ;
; func31                                           ; 3     ; 0              ; 2            ; 0              ; 1      ; 0               ; 0             ; 0               ; 0     ; 0              ; 0            ; 0                ; 0                 ;
; func30                                           ; 3     ; 0              ; 2            ; 0              ; 1      ; 0               ; 0             ; 0               ; 0     ; 0              ; 0            ; 0                ; 0                 ;
; func29                                           ; 3     ; 0              ; 2            ; 0              ; 1      ; 0               ; 0             ; 0               ; 0     ; 0              ; 0            ; 0                ; 0                 ;
; func28                                           ; 3     ; 0              ; 2            ; 0              ; 1      ; 0               ; 0             ; 0               ; 0     ; 0              ; 0            ; 0                ; 0                 ;
; func27                                           ; 3     ; 0              ; 2            ; 0              ; 1      ; 0               ; 0             ; 0               ; 0     ; 0              ; 0            ; 0                ; 0                 ;
; func26                                           ; 3     ; 0              ; 2            ; 0              ; 1      ; 0               ; 0             ; 0               ; 0     ; 0              ; 0            ; 0                ; 0                 ;
; func25                                           ; 3     ; 0              ; 2            ; 0              ; 1      ; 0               ; 0             ; 0               ; 0     ; 0              ; 0            ; 0                ; 0                 ;
; func24                                           ; 3     ; 0              ; 2            ; 0              ; 1      ; 0               ; 0             ; 0               ; 0     ; 0              ; 0            ; 0                ; 0                 ;
; func23                                           ; 3     ; 0              ; 2            ; 0              ; 1      ; 0               ; 0             ; 0               ; 0     ; 0              ; 0            ; 0                ; 0                 ;
; func22                                           ; 3     ; 0              ; 2            ; 0              ; 1      ; 0               ; 0             ; 0               ; 0     ; 0              ; 0            ; 0                ; 0                 ;
; func21                                           ; 3     ; 0              ; 2            ; 0              ; 1      ; 0               ; 0             ; 0               ; 0     ; 0              ; 0            ; 0                ; 0                 ;
; func20                                           ; 3     ; 0              ; 2            ; 0              ; 1      ; 0               ; 0             ; 0               ; 0     ; 0              ; 0            ; 0                ; 0                 ;
; func19                                           ; 3     ; 0              ; 2            ; 0              ; 1      ; 0               ; 0             ; 0               ; 0     ; 0              ; 0            ; 0                ; 0                 ;
; func18                                           ; 3     ; 0              ; 2            ; 0              ; 1      ; 0               ; 0             ; 0               ; 0     ; 0              ; 0            ; 0                ; 0                 ;
; func17                                           ; 3     ; 0              ; 2            ; 0              ; 1      ; 0               ; 0             ; 0               ; 0     ; 0              ; 0            ; 0                ; 0                 ;
; func16                                           ; 3     ; 0              ; 2            ; 0              ; 1      ; 0               ; 0             ; 0               ; 0     ; 0              ; 0            ; 0                ; 0                 ;
; func15                                           ; 3     ; 0              ; 2            ; 0              ; 1      ; 0               ; 0             ; 0               ; 0     ; 0              ; 0            ; 0                ; 0                 ;
; func14                                           ; 3     ; 0              ; 2            ; 0              ; 1      ; 0               ; 0             ; 0               ; 0     ; 0              ; 0            ; 0                ; 0                 ;
; func13                                           ; 3     ; 0              ; 2            ; 0              ; 1      ; 0               ; 0             ; 0               ; 0     ; 0              ; 0            ; 0                ; 0                 ;
; func12                                           ; 3     ; 0              ; 2            ; 0              ; 1      ; 0               ; 0             ; 0               ; 0     ; 0              ; 0            ; 0                ; 0                 ;
; func11                                           ; 3     ; 0              ; 2            ; 0              ; 1      ; 0               ; 0             ; 0               ; 0     ; 0              ; 0            ; 0                ; 0                 ;
; func10                                           ; 3     ; 0              ; 2            ; 0              ; 1      ; 0               ; 0             ; 0               ; 0     ; 0              ; 0            ; 0                ; 0                 ;
; func9                                            ; 3     ; 0              ; 2            ; 0              ; 1      ; 0               ; 0             ; 0               ; 0     ; 0              ; 0            ; 0                ; 0                 ;
; func8                                            ; 3     ; 0              ; 2            ; 0              ; 1      ; 0               ; 0             ; 0               ; 0     ; 0              ; 0            ; 0                ; 0                 ;
; func7                                            ; 3     ; 0              ; 2            ; 0              ; 1      ; 0               ; 0             ; 0               ; 0     ; 0              ; 0            ; 0                ; 0                 ;
; func6                                            ; 3     ; 0              ; 2            ; 0              ; 1      ; 0               ; 0             ; 0               ; 0     ; 0              ; 0            ; 0                ; 0                 ;
; func5                                            ; 3     ; 0              ; 2            ; 0              ; 1      ; 0               ; 0             ; 0               ; 0     ; 0              ; 0            ; 0                ; 0                 ;
; func4                                            ; 3     ; 0              ; 2            ; 0              ; 1      ; 0               ; 0             ; 0               ; 0     ; 0              ; 0            ; 0                ; 0                 ;
; func3                                            ; 3     ; 0              ; 2            ; 0              ; 1      ; 0               ; 0             ; 0               ; 0     ; 0              ; 0            ; 0                ; 0                 ;
; func2                                            ; 3     ; 0              ; 2            ; 0              ; 1      ; 0               ; 0             ; 0               ; 0     ; 0              ; 0            ; 0                ; 0                 ;
; func1                                            ; 3     ; 0              ; 2            ; 0              ; 1      ; 0               ; 0             ; 0               ; 0     ; 0              ; 0            ; 0                ; 0                 ;
; func0                                            ; 3     ; 0              ; 2            ; 0              ; 1      ; 0               ; 0             ; 0               ; 0     ; 0              ; 0            ; 0                ; 0                 ;
+--------------------------------------------------+-------+----------------+--------------+----------------+--------+-----------------+---------------+-----------------+-------+----------------+--------------+------------------+-------------------+
